the:	[(0, 12), (0, 61), (0, 263), (1, 18), (1, 23), (1, 37), (1, 44), (1, 56), (1, 64), (3, 3), (9, 67), (11, 43), (11, 86), (12, 0), (12, 28), (12, 51), (12, 53), (12, 65), (12, 120), (12, 138), (13, 9), (13, 18), (13, 24), (13, 30), (13, 50), (14, 13), (14, 16), (14, 19), (14, 47), (14, 59), (14, 70), (14, 75), (15, 7), (15, 19), (15, 23), (15, 27), (15, 46), (15, 58), (15, 67), (15, 84), (16, 0), (16, 22), (16, 29), (16, 70), (16, 74), (17, 3), (17, 11), (17, 38), (17, 52), (17, 57), (17, 60), (17, 78), (17, 110), (17, 113), (17, 116), (17, 126), (17, 130), (17, 133), (17, 146), (17, 158), (18, 11), (18, 14), (18, 27), (18, 35), (18, 40), (18, 51), (18, 71), (18, 103), (18, 139), (18, 180), (19, 28), (19, 40), (19, 45), (20, 0), (20, 17), (20, 58), (21, 39), (21, 78), (21, 80), (21, 99), (21, 102), (21, 107), (21, 120), (21, 124), (21, 129), (21, 142), (21, 158), (21, 166), (21, 169), (21, 173), (21, 176), (21, 186), (21, 191), (21, 195), (21, 201), (22, 0), (22, 18), (22, 23), (22, 27), (22, 37), (22, 51), (22, 55), (22, 62), (22, 93), (22, 115), (22, 117), (22, 124), (22, 131), (23, 13), (23, 26), (23, 29), (23, 42), (23, 51), (23, 75), (23, 92), (24, 4), (24, 9), (24, 20), (24, 62), (24, 65), (24, 101), (24, 104), (25, 0), (25, 31), (25, 46), (25, 50), (25, 70), (26, 41), (26, 62), (26, 84), (26, 103), (26, 119), (26, 132), (26, 151), (26, 156), (26, 186), (27, 1), (27, 22), (27, 34), (27, 43), (27, 47), (27, 63), (28, 25), (28, 34), (28, 57), (29, 11), (29, 14), (29, 28), (29, 36), (29, 45), (29, 77), (30, 8), (30, 15), (30, 24), (30, 34), (30, 40), (30, 68), (30, 79), (30, 94), (30, 99), (31, 0), (31, 17), (31, 27), (31, 41), (31, 44), (31, 50), (31, 53), (32, 18), (32, 22), (32, 26), (32, 36), (32, 54), (32, 101), (32, 118), (33, 3), (33, 10), (33, 30), (33, 50), (33, 118), (34, 22), (34, 56), (34, 62), (34, 112), (34, 124), (35, 3), (35, 13), (35, 17), (35, 25), (35, 74), (35, 85), (35, 90), (35, 108), (35, 157), (35, 162), (35, 170), (35, 216), (35, 275), (35, 284), (36, 22), (36, 37), (36, 43), (36, 51), (36, 61), (36, 84), (36, 99), (36, 120), (36, 123), (36, 150), (36, 161), (36, 175), (36, 186), (36, 190), (36, 195), (36, 198), (36, 223), (36, 225), (36, 231), (36, 255), (36, 290), (36, 308), (37, 6)]
texa:	[(22, 1), (23, 30), (23, 115), (23, 136)]
ranger:	[(22, 2), (22, 72), (23, 31), (23, 43), (24, 5), (24, 66), (24, 102)]
have:	[(11, 42), (11, 70), (12, 34), (12, 59), (12, 97), (16, 4), (16, 43), (22, 3), (24, 52), (25, 6), (26, 74), (26, 96), (26, 139), (28, 66), (29, 80), (31, 55), (32, 88), (34, 7), (35, 105)]
to:	[(0, 29), (2, 34), (8, 20), (8, 150), (8, 154), (10, 3), (11, 195), (12, 63), (12, 99), (12, 136), (13, 7), (14, 11), (14, 50), (15, 77), (16, 15), (16, 79), (17, 37), (17, 101), (18, 33), (18, 50), (18, 93), (19, 8), (20, 8), (20, 14), (20, 67), (21, 42), (21, 71), (21, 206), (22, 4), (22, 48), (23, 11), (23, 48), (23, 63), (23, 81), (23, 120), (23, 128), (23, 130), (23, 132), (24, 17), (24, 33), (24, 53), (24, 59), (25, 24), (25, 48), (26, 9), (26, 83), (26, 140), (28, 9), (28, 11), (28, 19), (28, 51), (29, 8), (29, 83), (30, 97), (31, 15), (31, 35), (31, 61), (33, 40), (33, 64), (33, 129), (34, 8), (34, 73), (34, 87), (34, 89), (34, 119), (35, 67), (35, 96), (35, 129), (35, 169), (35, 173), (35, 185), (35, 212), (35, 215), (35, 238), (35, 254), (35, 282), (36, 10), (36, 108), (36, 147), (36, 194), (36, 241), (36, 249), (36, 269), (36, 278)]
be:	[(1, 75), (17, 14), (21, 104), (21, 198), (22, 5), (22, 30), (26, 123), (26, 135), (26, 212), (28, 12), (30, 86), (31, 47), (36, 11), (36, 242), (36, 250)]
at:	[(1, 17), (1, 77), (12, 27), (12, 125), (13, 37), (14, 18), (15, 36), (16, 54), (18, 47), (21, 74), (21, 172), (21, 190), (22, 6), (22, 70), (22, 114), (25, 2), (26, 32), (29, 35), (36, 13), (36, 135), (36, 280)]
their:	[(12, 22), (22, 7), (26, 114), (26, 145), (31, 4), (32, 50), (32, 80), (32, 86), (32, 123), (33, 125), (35, 48), (35, 83), (35, 174)]
most:	[(21, 12), (21, 170), (22, 8), (26, 221), (33, 103)]
present:	[(22, 9), (36, 12)]
with:	[(11, 32), (11, 64), (11, 127), (14, 66), (14, 77), (16, 49), (17, 21), (20, 57), (21, 19), (21, 163), (21, 168), (22, 10), (22, 105), (23, 55), (23, 86), (23, 114), (23, 123), (30, 88), (31, 25), (31, 40), (32, 45), (32, 100), (33, 59), (34, 37), (34, 47), (34, 121), (35, 42), (35, 69), (35, 114), (35, 141), (36, 228)]
cole:	[(22, 11)]
hamel:	[(22, 12), (22, 61), (22, 98), (22, 133)]
pitch:	[(22, 13), (22, 73)]
and:	[(0, 17), (0, 63), (0, 106), (0, 198), (0, 227), (0, 250), (0, 266), (1, 51), (11, 30), (11, 54), (11, 56), (11, 91), (11, 119), (11, 167), (11, 191), (12, 9), (12, 46), (12, 88), (12, 101), (12, 113), (12, 130), (13, 45), (14, 73), (15, 18), (15, 34), (16, 25), (16, 39), (16, 57), (17, 49), (17, 107), (18, 5), (18, 76), (18, 106), (18, 130), (18, 146), (18, 157), (18, 184), (20, 26), (20, 47), (20, 82), (20, 87), (21, 31), (21, 61), (21, 133), (22, 14), (22, 85), (22, 87), (22, 102), (22, 129), (23, 3), (23, 20), (23, 37), (23, 73), (25, 16), (25, 64), (26, 75), (26, 79), (26, 112), (26, 116), (26, 121), (26, 179), (26, 209), (27, 16), (27, 69), (28, 6), (28, 62), (29, 16), (29, 58), (30, 39), (30, 82), (30, 103), (31, 33), (31, 52), (32, 49), (32, 67), (32, 83), (32, 106), (32, 113), (32, 120), (32, 125), (33, 36), (33, 54), (33, 88), (33, 110), (33, 121), (33, 142), (34, 5), (34, 15), (34, 51), (34, 58), (34, 100), (35, 47), (35, 57), (35, 80), (35, 100), (35, 119), (35, 124), (35, 144), (35, 225), (35, 272), (35, 288), (36, 8), (36, 33), (36, 46), (36, 69), (36, 75), (36, 104), (36, 153), (36, 164), (36, 215), (36, 233), (36, 273), (36, 299), (37, 4)]
if:	[(2, 29), (2, 44), (8, 24), (8, 106), (8, 113), (9, 35), (9, 98), (9, 101), (11, 187), (21, 123), (21, 136), (22, 15), (22, 88), (24, 86), (26, 48), (26, 125), (29, 70)]
thursday:	[(11, 10), (17, 17), (22, 16), (23, 85)]
is:	[(0, 9), (1, 69), (3, 2), (5, 2), (11, 27), (12, 17), (12, 25), (12, 124), (12, 134), (15, 69), (17, 8), (17, 81), (17, 89), (17, 103), (17, 122), (17, 125), (17, 137), (17, 156), (18, 101), (20, 64), (21, 1), (21, 41), (21, 69), (21, 161), (21, 183), (21, 188), (22, 17), (22, 67), (22, 75), (23, 9), (25, 41), (26, 71), (27, 40), (27, 70), (28, 1), (29, 42), (30, 96), (31, 13), (31, 23), (32, 7), (32, 61), (33, 9), (33, 45), (33, 97), (33, 127), (33, 138), (34, 85), (35, 236), (35, 267), (36, 19), (36, 96), (36, 102), (36, 117), (36, 183), (36, 209)]
best:	[(11, 172), (14, 6), (22, 19), (22, 71), (27, 44), (27, 64), (28, 35), (29, 33), (29, 46), (30, 35), (30, 100), (35, 217)]
version:	[(22, 20)]
of:	[(0, 15), (0, 169), (1, 39), (1, 47), (1, 60), (1, 66), (9, 105), (11, 45), (12, 55), (14, 58), (16, 66), (17, 56), (17, 95), (17, 135), (18, 13), (18, 179), (20, 32), (20, 60), (20, 85), (21, 77), (21, 141), (21, 175), (21, 193), (22, 21), (22, 26), (22, 54), (22, 65), (22, 79), (22, 95), (23, 28), (23, 91), (23, 107), (25, 69), (26, 102), (26, 169), (26, 195), (26, 201), (26, 203), (27, 26), (27, 32), (27, 38), (27, 46), (28, 24), (28, 27), (28, 33), (29, 38), (29, 44), (30, 10), (30, 37), (30, 64), (31, 6), (31, 30), (31, 72), (31, 74), (32, 31), (32, 57), (32, 103), (32, 122), (33, 52), (33, 67), (33, 140), (34, 12), (34, 18), (34, 61), (34, 126), (35, 12), (35, 22), (35, 27), (35, 79), (35, 92), (35, 133), (35, 139), (35, 167), (35, 196), (35, 206), (35, 218), (35, 259), (35, 291), (36, 28), (36, 81), (36, 122), (36, 133), (36, 180), (36, 235)]
themselv:	[(22, 22), (25, 20), (26, 128)]
first:	[(11, 17), (14, 25), (17, 127), (22, 24), (22, 118), (27, 2), (30, 16)]
half:	[(22, 25), (22, 53)]
season:	[(17, 26), (17, 58), (17, 76), (18, 129), (18, 183), (19, 3), (19, 14), (19, 30), (19, 41), (22, 28), (22, 56), (23, 59), (24, 0), (24, 15), (24, 30), (24, 46), (24, 75), (24, 112), (31, 11)]
will:	[(16, 3), (16, 42), (17, 50), (17, 69), (18, 43), (22, 29), (26, 4), (26, 134), (26, 148), (26, 216), (26, 220), (30, 85)]
a:	[(0, 170), (2, 47), (2, 63), (5, 3), (8, 8), (8, 16), (8, 29), (8, 30), (8, 73), (11, 33), (11, 78), (12, 72), (12, 75), (12, 78), (12, 84), (12, 109), (12, 116), (13, 12), (13, 41), (13, 46), (14, 4), (14, 28), (14, 31), (15, 3), (15, 14), (15, 31), (15, 49), (15, 55), (15, 71), (15, 81), (16, 10), (16, 17), (16, 44), (17, 22), (17, 34), (17, 72), (18, 2), (18, 21), (18, 61), (18, 66), (18, 95), (18, 108), (18, 136), (18, 155), (21, 2), (21, 8), (21, 16), (21, 44), (21, 55), (21, 72), (21, 94), (21, 207), (22, 31), (22, 68), (22, 77), (22, 96), (22, 100), (22, 111), (22, 121), (22, 127), (23, 56), (23, 87), (23, 111), (24, 18), (24, 44), (24, 83), (26, 90), (26, 176), (26, 193), (27, 71), (28, 2), (28, 13), (28, 41), (28, 67), (29, 5), (29, 21), (29, 61), (29, 67), (29, 84), (30, 62), (30, 89), (30, 105), (31, 37), (31, 67), (32, 5), (32, 9), (32, 29), (32, 62), (32, 107), (33, 46), (33, 68), (33, 76), (33, 78), (33, 86), (33, 89), (33, 131), (33, 144), (34, 10), (34, 29), (34, 40), (34, 67), (34, 74), (34, 103), (34, 128), (35, 52), (35, 60), (35, 154), (35, 189), (35, 198), (35, 232), (35, 257), (36, 171)]
stroll:	[(22, 32)]
down:	[(22, 33)]
kick:	[(22, 34)]
Me:	[(22, 35)]
In:	[(11, 19), (18, 119), (22, 36)]
face:	[(22, 38), (26, 146), (35, 256), (36, 145)]
lane:	[(22, 39)]
everi:	[(22, 40), (32, 68), (34, 91)]
night:	[(17, 32), (22, 41), (36, 173)]
At:	[(8, 75), (8, 80), (18, 80), (22, 42), (30, 67)]
thi:	[(0, 7), (1, 40), (1, 67), (11, 175), (11, 201), (17, 88), (18, 128), (19, 22), (19, 34), (20, 19), (22, 43), (26, 188), (26, 190), (27, 39), (27, 56), (31, 9), (34, 25), (34, 109), (35, 265)]
junctur:	[(22, 44)]
Im:	[(22, 45)]
tri:	[(12, 98), (22, 46), (23, 131), (25, 23), (33, 63), (36, 107), (36, 146)]
not:	[(1, 53), (11, 71), (12, 15), (12, 60), (12, 71), (12, 74), (12, 77), (12, 90), (15, 6), (15, 70), (17, 84), (18, 135), (19, 7), (19, 43), (22, 47), (22, 90), (23, 45), (23, 118), (26, 22), (33, 114), (35, 253), (36, 5)]
think:	[(22, 49), (26, 66), (30, 46)]
about:	[(17, 86), (18, 89), (22, 50), (26, 67), (27, 21), (32, 11), (34, 106), (35, 98), (35, 116), (35, 127), (36, 230)]
second:	[(16, 33), (22, 52), (22, 101), (22, 125)]
that:	[(12, 40), (16, 5), (17, 5), (17, 138), (21, 68), (22, 57), (23, 65), (23, 67), (23, 137), (26, 205), (27, 52), (28, 43), (29, 1), (29, 63), (30, 78), (33, 70), (33, 72), (33, 124), (34, 42), (35, 147), (36, 42), (36, 60), (36, 70), (36, 127), (36, 136), (36, 207), (36, 217), (36, 258), (36, 301)]
10:	[(0, 151), (11, 103), (11, 122), (11, 135), (14, 52), (18, 110), (21, 62), (22, 58)]
month:	[(11, 23), (11, 181), (22, 59), (34, 97)]
away:	[(12, 119), (22, 60), (26, 143)]
unquest:	[(22, 63)]
ace:	[(22, 64)]
what:	[(5, 0), (22, 66), (24, 82), (27, 41)]
suspect:	[(22, 69)]
staff:	[(18, 148), (22, 74)]
due:	[(0, 70), (0, 83), (0, 128), (0, 188), (0, 191), (0, 243), (0, 282), (0, 291), (22, 76)]
total:	[(22, 78)]
42:	[(12, 121), (22, 80)]
5:	[(0, 125), (0, 140), (0, 204), (0, 242), (0, 284), (7, 11), (7, 21), (7, 31), (7, 41), (10, 15), (11, 12), (11, 109), (14, 72), (22, 81), (22, 142), (24, 71), (36, 2)]
million:	[(22, 82), (24, 72)]
in:	[(0, 181), (1, 21), (10, 29), (11, 40), (11, 51), (11, 156), (11, 169), (12, 111), (12, 131), (13, 17), (13, 34), (14, 36), (15, 16), (15, 25), (15, 83), (16, 28), (16, 35), (16, 60), (16, 73), (17, 33), (17, 77), (17, 129), (18, 26), (18, 65), (18, 77), (18, 102), (18, 113), (18, 138), (18, 177), (20, 16), (20, 51), (20, 69), (21, 52), (21, 59), (21, 84), (21, 139), (22, 83), (22, 141), (23, 70), (24, 80), (26, 87), (26, 129), (27, 42), (29, 48), (30, 29), (30, 33), (30, 73), (32, 17), (32, 21), (32, 53), (32, 90), (33, 28), (34, 21), (34, 45), (35, 16), (35, 153), (35, 179), (36, 90), (36, 143), (36, 185), (37, 5)]
18:	[(0, 102), (21, 57), (22, 84)]
19:	[(0, 66), (0, 163), (22, 86)]
he:	[(12, 69), (12, 89), (14, 41), (15, 9), (17, 64), (17, 68), (17, 80), (17, 99), (17, 155), (18, 31), (18, 55), (18, 145), (22, 89), (22, 136), (28, 7), (28, 29), (28, 31), (28, 40), (28, 55), (30, 58), (35, 176), (35, 249), (36, 128), (36, 159), (36, 208), (36, 284), (36, 310)]
good:	[(18, 3), (22, 91), (26, 208), (31, 68), (31, 75)]
shelv:	[(22, 92)]
fear:	[(22, 94)]
mediocr:	[(22, 97)]
for:	[(1, 22), (2, 17), (2, 50), (7, 1), (8, 43), (8, 53), (8, 64), (8, 147), (9, 30), (9, 78), (10, 19), (11, 85), (11, 174), (13, 40), (15, 54), (16, 31), (17, 10), (17, 59), (17, 71), (17, 92), (17, 109), (17, 112), (17, 124), (18, 10), (18, 94), (19, 12), (19, 31), (19, 44), (21, 119), (22, 99), (23, 4), (23, 21), (23, 38), (23, 138), (24, 3), (24, 43), (25, 27), (26, 11), (26, 24), (26, 40), (26, 69), (27, 0), (27, 36), (30, 14), (30, 56), (33, 83), (34, 95), (34, 131), (35, 101), (35, 121), (35, 227), (35, 241), (36, 307)]
just:	[(15, 5), (16, 77), (18, 88), (19, 42), (22, 103), (31, 65), (33, 94)]
go:	[(11, 84), (16, 58), (22, 104), (23, 10), (23, 47), (23, 62), (28, 8), (28, 22), (33, 128)]
hi:	[(13, 4), (14, 43), (14, 64), (16, 32), (16, 40), (17, 25), (17, 46), (17, 93), (17, 120), (18, 147), (20, 23), (22, 106), (25, 35), (25, 58), (28, 47), (29, 39), (29, 56), (29, 72), (32, 96), (34, 65), (35, 70), (35, 117), (35, 134), (35, 219), (36, 263), (36, 281)]
open:	[(2, 35), (17, 31), (22, 107), (23, 1), (23, 18), (23, 35)]
day:	[(0, 288), (22, 108), (23, 2), (23, 6), (23, 19), (23, 23), (23, 36), (23, 41), (34, 92)]
perform:	[(22, 109)]
on:	[(11, 200), (14, 46), (14, 69), (14, 79), (15, 40), (16, 62), (16, 69), (17, 30), (17, 45), (17, 157), (18, 60), (18, 151), (18, 160), (21, 7), (21, 22), (21, 26), (21, 29), (21, 33), (21, 200), (22, 110), (23, 135), (24, 61), (25, 30), (26, 89), (29, 10), (29, 76), (30, 7), (30, 22), (32, 75), (33, 106), (35, 32), (35, 262), (36, 21), (36, 170), (36, 262), (36, 289)]
beauti:	[(22, 112)]
afternoon:	[(16, 75), (22, 113), (26, 92)]
ballpark:	[(22, 116)]
batter:	[(22, 119)]
hit:	[(0, 269), (15, 13), (22, 120)]
home:	[(0, 298), (17, 35), (18, 97), (22, 122), (36, 169), (36, 203), (36, 272)]
run:	[(21, 216), (22, 123), (22, 140)]
smack:	[(22, 126)]
doubl:	[(15, 32), (22, 128)]
by:	[(9, 62), (15, 48), (21, 86), (21, 97), (21, 106), (21, 203), (21, 210), (22, 130), (26, 165), (29, 55), (32, 98), (34, 80), (35, 82), (35, 245), (35, 279), (36, 26), (36, 119)]
time:	[(12, 30), (21, 181), (22, 132), (26, 187), (27, 3), (29, 37), (30, 17), (30, 27), (30, 70), (34, 26), (34, 32), (34, 68), (35, 161)]
wa:	[(14, 30), (17, 19), (21, 82), (22, 134), (24, 89), (24, 98), (26, 207), (27, 7), (28, 30), (29, 25), (29, 52), (30, 32), (30, 52)]
done:	[(17, 9), (22, 135)]
had:	[(15, 76), (17, 43), (18, 107), (18, 116), (18, 123), (20, 6), (22, 137), (23, 110), (29, 4), (36, 303), (36, 311)]
allow:	[(22, 138)]
three:	[(16, 36), (17, 54), (18, 182), (21, 25), (21, 27), (21, 117), (21, 130), (22, 139), (32, 32), (33, 31), (35, 8), (35, 75)]
23:	[(0, 25), (0, 258), (22, 143)]
inning:	[(22, 144)]
it:	[(12, 18), (12, 38), (15, 79), (16, 76), (18, 122), (20, 63), (20, 70), (21, 205), (21, 212), (23, 0), (23, 17), (23, 34), (24, 88), (24, 109), (26, 29), (26, 54), (26, 68), (26, 70), (26, 192), (26, 210), (28, 17), (30, 47), (31, 59), (32, 71)]
one:	[(11, 123), (14, 55), (15, 8), (16, 18), (21, 32), (21, 34), (21, 155), (23, 5), (23, 22), (23, 39), (24, 38), (26, 101), (26, 152), (28, 32), (29, 43), (34, 96), (35, 111), (36, 179)]
our:	[(11, 47), (19, 17), (23, 7), (26, 196), (30, 74)]
team:	[(17, 121), (17, 159), (18, 112), (18, 127), (19, 16), (19, 49), (20, 5), (21, 17), (21, 91), (21, 109), (21, 122), (21, 145), (21, 160), (21, 167), (23, 8), (24, 10), (24, 21), (27, 17), (27, 51), (29, 32), (29, 78), (30, 25), (30, 44), (30, 102), (31, 70)]
win:	[(12, 86), (18, 25), (18, 34), (19, 2), (21, 178), (23, 12), (23, 58), (30, 61), (30, 104)]
whole:	[(23, 14)]
bleep:	[(23, 15)]
thing:	[(17, 118), (23, 16)]
I:	[(0, 159), (11, 192), (23, 24), (28, 37), (28, 44)]
am:	[(16, 56), (23, 25)]
presid:	[(19, 25), (23, 27), (30, 3)]
optimist:	[(23, 32)]
club:	[(23, 33)]
gloriou:	[(23, 40)]
are:	[(1, 43), (11, 177), (11, 189), (12, 6), (18, 8), (18, 74), (19, 38), (21, 36), (21, 153), (23, 44), (23, 61), (24, 6), (32, 82), (35, 77), (35, 94), (36, 54)]
onli:	[(12, 16), (17, 117), (23, 46), (24, 87), (26, 55), (33, 4)]
take:	[(0, 297), (13, 8), (14, 12), (16, 16), (23, 49), (31, 66), (35, 5)]
back:	[(11, 125), (12, 26), (23, 50), (24, 35)]
american:	[(23, 52), (25, 51)]
leagu:	[(23, 53), (25, 52)]
west:	[(23, 54)]
92:	[(23, 57)]
they:	[(18, 7), (18, 19), (20, 12), (23, 60), (24, 68), (25, 22), (26, 13), (26, 73), (26, 77), (26, 95), (26, 106), (26, 109), (26, 126), (28, 64), (32, 77), (35, 125), (36, 167), (36, 302)]
regist:	[(23, 64)]
strike:	[(23, 66)]
elud:	[(23, 68)]
them:	[(9, 72), (23, 69), (26, 142), (33, 8), (34, 122), (35, 150), (35, 281), (36, 313)]
game:	[(12, 47), (12, 139), (17, 55), (17, 106), (18, 99), (18, 176), (20, 72), (21, 81), (21, 177), (23, 71), (23, 89), (23, 122), (24, 108), (26, 120), (26, 191), (30, 66), (30, 84)]
6:	[(0, 60), (0, 80), (0, 91), (0, 245), (0, 281), (2, 10), (11, 113), (23, 72)]
reloc:	[(23, 74)]
world:	[(23, 76), (23, 94), (33, 69)]
seri:	[(23, 77), (23, 95)]
trophi:	[(23, 78)]
from:	[(11, 2), (11, 211), (12, 7), (21, 127), (21, 138), (23, 79), (26, 144), (30, 23), (33, 111), (34, 34), (34, 108), (35, 286), (36, 36), (36, 110), (36, 296)]
houston:	[(23, 80), (23, 100), (23, 108), (25, 71)]
arlington:	[(23, 82)]
It:	[(18, 115), (23, 83), (26, 171), (26, 199), (29, 69), (30, 45), (31, 64), (35, 30), (36, 56)]
start:	[(16, 52), (23, 84), (33, 25)]
four:	[(23, 88)]
sweep:	[(18, 165), (23, 90)]
defend:	[(21, 105), (23, 93), (35, 186), (35, 213)]
champion:	[(23, 96)]
astro:	[(23, 97), (23, 101), (25, 72)]
On:	[(23, 98)]
wednesday:	[(23, 99)]
owner:	[(23, 102)]
jim:	[(23, 103)]
crane:	[(23, 104)]
told:	[(23, 105), (35, 251)]
kriv:	[(23, 106)]
We:	[(11, 69), (11, 76), (23, 109), (24, 50), (27, 58)]
few:	[(23, 112), (29, 22), (35, 104)]
problem:	[(17, 134), (23, 113)]
last:	[(10, 38), (12, 107), (12, 126), (17, 28), (23, 116), (24, 14), (24, 74), (24, 111), (27, 9), (36, 131)]
year:	[(12, 122), (13, 26), (14, 39), (17, 12), (20, 20), (23, 117), (26, 157), (32, 33), (35, 9), (35, 34), (35, 103)]
want:	[(15, 10), (17, 100), (17, 141), (17, 144), (18, 92), (23, 119), (23, 129), (36, 6)]
switch:	[(23, 121)]
us:	[(23, 124), (26, 202), (30, 57), (30, 60)]
there:	[(18, 132), (23, 125), (24, 97)]
plenti:	[(23, 126)]
incent:	[(23, 127)]
beat:	[(23, 133), (33, 143), (36, 76)]
up:	[(0, 155), (23, 134), (26, 19), (31, 73), (32, 13), (35, 240), (37, 2)]
sure:	[(8, 15), (23, 139), (26, 25)]
ticket:	[(24, 1), (24, 31)]
sale:	[(24, 2)]
off:	[(16, 59), (24, 7), (28, 46), (31, 10)]
after:	[(12, 114), (16, 8), (18, 144), (19, 0), (21, 157), (24, 8), (25, 34), (34, 71), (34, 93), (35, 136), (36, 174), (36, 274)]
78:	[(24, 11)]
84:	[(24, 12)]
record:	[(24, 13)]
accord:	[(24, 16)]
sourc:	[(24, 19)]
ha:	[(17, 65), (18, 32), (24, 22), (26, 159), (26, 163), (26, 172), (26, 184), (29, 3), (32, 70), (34, 28), (35, 193), (35, 250), (36, 220)]
been:	[(12, 35), (24, 23), (26, 160), (26, 173), (35, 194)]
send:	[(11, 196), (24, 24)]
out:	[(24, 25), (26, 82), (35, 132)]
letter:	[(0, 129), (2, 57), (24, 26)]
ask:	[(15, 53), (24, 27), (36, 267)]
beg:	[(24, 28)]
previou:	[(24, 29)]
holder:	[(24, 32)]
come:	[(12, 61), (24, 34), (26, 5), (26, 8), (26, 149), (26, 217), (26, 223), (31, 60), (33, 18), (34, 118), (36, 193)]
To:	[(24, 36), (32, 3)]
purchas:	[(24, 37)]
lower:	[(24, 39)]
level:	[(24, 40)]
infield:	[(24, 41)]
seat:	[(24, 42), (26, 98), (35, 26), (36, 18)]
full:	[(24, 45)]
cost:	[(8, 5), (8, 72), (8, 98), (24, 47)]
approxim:	[(21, 46), (24, 48)]
4000:	[(24, 49)]
all:	[(12, 48), (17, 90), (17, 98), (17, 140), (20, 10), (24, 51), (25, 12), (26, 155), (26, 204), (27, 37), (30, 26)]
help:	[(24, 54), (30, 59), (32, 102)]
pay:	[(24, 55)]
shin:	[(24, 56)]
soo:	[(24, 57)]
choo:	[(24, 58)]
rest:	[(24, 60)]
disabl:	[(24, 63)]
list:	[(0, 46), (24, 64), (25, 42)]
claim:	[(24, 67)]
drew:	[(24, 69)]
2:	[(0, 48), (0, 50), (0, 82), (0, 195), (0, 207), (0, 290), (7, 5), (7, 15), (7, 25), (7, 35), (8, 160), (9, 41), (9, 42), (9, 85), (9, 86), (10, 9), (11, 97), (20, 48), (24, 70), (33, 2)]
fan:	[(19, 18), (24, 73), (24, 106)]
which:	[(21, 152), (24, 76), (32, 35)]
rank:	[(0, 268), (11, 60), (11, 67), (24, 77)]
12:	[(0, 92), (0, 153), (9, 6), (11, 141), (18, 105), (24, 78)]
th:	[(24, 79)]
mlb:	[(24, 81)]
great:	[(24, 84), (27, 72), (35, 14)]
figur:	[(0, 90), (15, 57), (24, 85)]
true:	[(24, 90)]
An:	[(24, 91)]
eyebal:	[(24, 92)]
test:	[(10, 20), (11, 118), (24, 93)]
would:	[(11, 193), (15, 60), (17, 13), (24, 94), (29, 79)]
tell:	[(12, 39), (24, 95)]
you:	[(11, 188), (11, 197), (12, 4), (12, 33), (18, 85), (18, 91), (24, 96), (26, 49)]
no:	[(18, 117), (24, 99)]
way:	[(11, 124), (24, 100)]
averag:	[(24, 103)]
30960:	[(24, 105)]
per:	[(11, 22), (11, 180), (11, 182), (24, 107), (26, 57)]
report:	[(24, 110)]
oddsmak:	[(25, 1)]
bet:	[(25, 3), (25, 39)]
dsi:	[(25, 4)]
sportsbook:	[(25, 5)]
ohtani:	[(25, 7), (25, 44)]
fever:	[(25, 8)]
as:	[(0, 11), (9, 109), (10, 25), (14, 27), (15, 80), (17, 152), (17, 154), (20, 78), (21, 15), (25, 9), (25, 11), (25, 21), (25, 45), (26, 35), (26, 37), (26, 124), (29, 60), (30, 92), (33, 95), (36, 95)]
much:	[(19, 11), (20, 76), (25, 10), (28, 54)]
those:	[(25, 13)]
basebal:	[(7, 22), (7, 24), (7, 26), (7, 28), (7, 30), (25, 14), (25, 74), (26, 161), (26, 183)]
scout:	[(25, 15), (32, 42), (32, 112), (33, 44), (33, 98), (33, 120), (34, 4), (34, 27), (34, 99), (34, 132), (35, 39), (35, 58), (35, 143), (35, 226), (35, 235), (35, 270), (36, 9), (36, 32), (36, 165), (36, 205), (36, 268), (36, 293)]
writer:	[(25, 17)]
trip:	[(25, 18)]
over:	[(13, 49), (15, 38), (25, 19), (25, 57), (26, 61)]
make:	[(8, 14), (12, 64), (18, 164), (20, 30), (25, 25), (29, 65), (31, 36), (33, 65), (35, 165)]
amend:	[(25, 26)]
cast:	[(25, 28)]
doubt:	[(25, 29)]
japanes:	[(25, 32)]
star:	[(12, 58), (25, 33)]
putrid:	[(25, 36)]
spring:	[(0, 3), (0, 166), (1, 0), (1, 26), (25, 37)]
train:	[(25, 38)]
sdi:	[(25, 40)]
shohei:	[(25, 43)]
favorit:	[(25, 47)]
wring:	[(25, 49)]
mvp:	[(25, 53), (25, 66)]
No:	[(0, 164), (0, 285), (25, 54), (36, 17)]
1:	[(0, 32), (0, 34), (0, 69), (0, 88), (0, 190), (7, 3), (7, 13), (7, 23), (7, 33), (8, 49), (8, 56), (8, 59), (8, 67), (8, 70), (8, 77), (8, 82), (8, 84), (8, 88), (8, 90), (8, 92), (8, 93), (8, 95), (8, 97), (8, 158), (10, 7), (11, 93), (15, 37), (25, 55), (32, 2)]
even:	[(25, 56), (26, 15), (26, 65), (34, 54), (35, 247)]
lo:	[(25, 59)]
angel:	[(25, 60), (25, 61)]
teammat:	[(21, 208), (25, 62), (29, 57)]
trout:	[(25, 63)]
reign:	[(25, 65)]
jose:	[(25, 67)]
altuv:	[(25, 68)]
isnt:	[(25, 73)]
fun:	[(25, 75)]
terenc:	[(26, 0)]
mann:	[(26, 1)]
ray:	[(26, 2), (26, 6), (26, 150), (26, 158), (26, 198), (26, 218)]
peopl:	[(18, 185), (26, 3), (26, 147), (26, 215), (26, 219)]
theyll:	[(26, 7), (26, 17), (26, 30), (26, 59), (26, 80), (26, 93), (26, 117), (26, 138)]
iowa:	[(26, 10)]
reason:	[(26, 12), (35, 120)]
cant:	[(17, 148), (26, 14)]
fathom:	[(26, 16)]
turn:	[(16, 46), (26, 18)]
your:	[(26, 20), (26, 33)]
driveway:	[(26, 21)]
know:	[(11, 186), (12, 93), (26, 23)]
whi:	[(26, 26), (27, 53)]
theyr:	[(26, 27)]
do:	[(1, 52), (12, 132), (17, 102), (26, 28)]
arriv:	[(26, 31), (36, 214)]
door:	[(26, 34), (36, 283)]
innoc:	[(26, 36), (36, 83)]
children:	[(26, 38), (26, 111), (32, 97), (33, 32), (34, 39), (35, 76), (35, 109), (35, 171), (35, 222), (36, 196)]
long:	[(12, 117), (17, 153), (26, 39), (29, 6), (32, 85)]
past:	[(18, 181), (26, 42), (26, 197)]
Of:	[(26, 43)]
cours:	[(0, 26), (1, 19), (16, 72), (17, 136), (26, 44)]
we:	[(12, 94), (17, 139), (26, 45), (27, 54)]
wont:	[(26, 46)]
mind:	[(26, 47)]
look:	[(1, 16), (18, 9), (26, 50)]
around:	[(16, 47), (26, 51)]
youll:	[(26, 52)]
say:	[(26, 53), (36, 276)]
20:	[(0, 67), (0, 104), (18, 175), (26, 56)]
person:	[(12, 43), (26, 58), (35, 180)]
pass:	[(21, 204), (26, 60), (30, 83)]
money:	[(26, 63), (26, 72)]
without:	[(15, 63), (18, 16), (26, 64)]
peac:	[(26, 76)]
lack:	[(26, 78)]
walk:	[(21, 214), (26, 81), (36, 168), (36, 270)]
bleacher:	[(26, 85)]
sit:	[(18, 87), (26, 86)]
shirtsleev:	[(26, 88)]
perfect:	[(26, 91)]
find:	[(12, 100), (26, 94), (35, 146)]
reserv:	[(26, 97)]
somewher:	[(26, 99)]
along:	[(26, 100)]
baselin:	[(26, 104)]
where:	[(18, 70), (26, 105), (32, 76), (36, 204)]
sat:	[(26, 107)]
when:	[(21, 185), (26, 108), (31, 58), (33, 20), (35, 269), (36, 98)]
were:	[(18, 133), (18, 149), (20, 80), (26, 110)]
cheer:	[(26, 113)]
hero:	[(26, 115)]
watch:	[(26, 118), (36, 35)]
itll:	[(26, 122)]
dip:	[(26, 127)]
magic:	[(26, 130), (37, 0)]
water:	[(15, 24), (15, 85), (26, 131)]
memori:	[(26, 133)]
so:	[(12, 133), (20, 65), (26, 136), (36, 25)]
thick:	[(26, 137)]
brush:	[(26, 141)]
constant:	[(26, 153)]
through:	[(21, 54), (21, 101), (26, 154), (33, 117)]
america:	[(26, 162)]
roll:	[(26, 164)]
like:	[(12, 68), (26, 166), (26, 175), (29, 54), (33, 75), (33, 85)]
an:	[(14, 67), (18, 46), (18, 124), (26, 167), (30, 53), (33, 34)]
armi:	[(26, 168)]
steamrol:	[(26, 170)]
eras:	[(26, 174), (26, 180)]
blackboard:	[(26, 177)]
rebuilt:	[(26, 178)]
again:	[(26, 181), (26, 213), (36, 286)]
but:	[(10, 28), (10, 34), (12, 21), (17, 16), (17, 145), (19, 36), (20, 73), (21, 179), (26, 182), (27, 62), (35, 172), (36, 188)]
mark:	[(26, 185)]
field:	[(21, 95), (21, 114), (26, 189)]
part:	[(10, 8), (10, 10), (10, 12), (10, 14), (26, 194), (32, 1), (33, 1), (34, 1), (35, 1), (36, 1)]
remind:	[(26, 200)]
onc:	[(26, 206)]
could:	[(26, 211)]
Oh:	[(26, 214)]
definit:	[(26, 222)]
under:	[(13, 43), (14, 8), (16, 12), (17, 0), (32, 14), (34, 123)]
normal:	[(17, 1)]
circumst:	[(17, 2), (32, 16)]
news:	[(17, 4)]
dirk:	[(17, 6), (17, 42), (17, 143)]
nowitzki:	[(17, 7)]
devast:	[(17, 15)]
announc:	[(17, 18)]
met:	[(17, 20)]
shrug:	[(17, 23)]
becaus:	[(12, 14), (15, 66), (16, 65), (17, 24), (18, 39), (20, 84), (28, 23), (30, 50), (34, 17)]
end:	[(9, 104), (17, 27), (17, 91), (19, 33), (21, 76), (21, 174), (21, 192)]
octob:	[(17, 29)]
loss:	[(17, 36)]
horrend:	[(17, 39)]
atlanta:	[(17, 40)]
hawk:	[(17, 41)]
surgeri:	[(17, 44)]
left:	[(17, 47)]
ankl:	[(17, 48)]
miss:	[(12, 37), (15, 45), (17, 51)]
final:	[(13, 31), (16, 23), (17, 53), (36, 158)]
dalla:	[(17, 61), (19, 46), (27, 48), (29, 29), (30, 0), (30, 41), (31, 1), (31, 18)]
maverick:	[(17, 62), (18, 96), (19, 47)]
while:	[(2, 40), (17, 63), (20, 35), (21, 11), (21, 213), (36, 106), (36, 166), (36, 287)]
repeatedli:	[(17, 66)]
said:	[(16, 84), (17, 67), (19, 23), (30, 20)]
return:	[(8, 99), (8, 111), (8, 118), (8, 120), (9, 118), (17, 70)]
21:	[(0, 23), (0, 256), (0, 262), (17, 73)]
st:	[(17, 74)]
nba:	[(17, 75), (17, 131)]
fall:	[(1, 11), (17, 79)]
also:	[(17, 82), (21, 37), (21, 147), (36, 57)]
justifi:	[(17, 83)]
happi:	[(11, 194), (17, 85)]
how:	[(3, 0), (4, 0), (17, 87), (28, 53), (32, 84), (35, 128)]
hall:	[(17, 94)]
fame:	[(17, 96), (31, 28)]
career:	[(12, 87), (14, 5), (17, 97)]
play:	[(12, 127), (15, 78), (16, 53), (16, 80), (17, 104), (20, 68), (21, 6), (21, 14), (21, 112), (28, 39), (31, 62)]
meaning:	[(17, 105), (17, 119)]
contend:	[(17, 108), (17, 123)]
playoff:	[(17, 111), (19, 37), (20, 18)]
forese:	[(17, 114)]
futur:	[(17, 115)]
pick:	[(17, 128)]
draft:	[(17, 132)]
whatev:	[(17, 142)]
franchis:	[(17, 147)]
truli:	[(17, 149)]
move:	[(17, 150), (27, 23), (30, 21)]
forward:	[(17, 151), (27, 65)]
uta:	[(18, 0), (18, 81), (18, 163), (18, 173)]
fire:	[(18, 1), (18, 150), (18, 167)]
man:	[(18, 4), (33, 133), (35, 191), (36, 200)]
now:	[(4, 1), (9, 70), (18, 6), (29, 0)]
ark:	[(18, 12)]
coven:	[(18, 15)]
indiana:	[(18, 17)]
jone:	[(18, 18), (30, 5), (30, 19), (30, 76)]
need:	[(18, 20)]
coach:	[(18, 22), (18, 169), (19, 5), (27, 13), (31, 8)]
who:	[(1, 73), (18, 23), (32, 79), (33, 6), (33, 16), (33, 48), (33, 80), (33, 91), (33, 137), (35, 40), (35, 64), (35, 192)]
can:	[(12, 70), (18, 24), (18, 86), (21, 92), (21, 146), (21, 197), (28, 65)]
sun:	[(18, 28), (18, 41)]
belt:	[(18, 29), (18, 42)]
then:	[(18, 30), (18, 54)]
confer:	[(18, 36)]
tournament:	[(18, 37), (18, 53)]
titl:	[(18, 38), (37, 7)]
never:	[(18, 44), (33, 17), (35, 177), (36, 304)]
receiv:	[(18, 45), (28, 61), (29, 34), (29, 47), (30, 11), (30, 90)]
larg:	[(18, 48), (18, 67)]
bid:	[(18, 49)]
ncaa:	[(18, 52), (18, 125)]
must:	[(18, 56)]
gener:	[(18, 57), (33, 55)]
enough:	[(18, 58)]
interest:	[(11, 190), (18, 59), (27, 45), (30, 36)]
mostli:	[(18, 62)]
commut:	[(18, 63)]
campu:	[(18, 64)]
metropolitan:	[(18, 68)]
region:	[(18, 69)]
prefer:	[(18, 72), (33, 49)]
sport:	[(12, 66), (18, 73), (21, 5), (21, 18)]
pro:	[(14, 29), (18, 75)]
particular:	[(18, 78)]
footbal:	[(0, 229), (7, 32), (7, 34), (7, 36), (7, 38), (7, 40), (18, 79), (18, 111), (27, 50), (27, 68), (28, 4), (28, 15), (29, 31), (29, 74), (30, 43), (30, 65), (30, 101), (31, 20), (31, 69)]
colleg:	[(18, 82)]
park:	[(18, 83)]
center:	[(18, 84)]
anywher:	[(18, 90)]
basketbal:	[(7, 12), (7, 14), (7, 16), (7, 18), (7, 20), (18, 98), (18, 121), (18, 168), (19, 15), (19, 32), (19, 48), (20, 4), (20, 71), (21, 0), (21, 45)]
tcu:	[(18, 100)]
big:	[(18, 104)]
top:	[(11, 50), (11, 65), (18, 109)]
2017:	[(18, 114)]
sellout:	[(18, 118)]
men:	[(18, 120), (35, 260)]
tourney:	[(18, 126)]
routin:	[(18, 131)]
empti:	[(18, 134)]
lot:	[(18, 137), (27, 25), (30, 63)]
6800:	[(18, 140)]
schollmaier:	[(18, 141)]
arena:	[(18, 142)]
shortli:	[(18, 143)]
monday:	[(18, 152)]
cross:	[(18, 153), (18, 171)]
issu:	[(18, 154)]
heartfelt:	[(18, 156)]
kind:	[(11, 202), (18, 158), (20, 59), (27, 31)]
statement:	[(18, 159)]
social:	[(11, 99), (18, 161), (32, 72)]
media:	[(12, 95), (18, 162)]
chang:	[(11, 133), (11, 144), (11, 148), (18, 166), (32, 41)]
scott:	[(18, 170)]
assist:	[(18, 172), (31, 7)]
won:	[(12, 108), (18, 174)]
each:	[(18, 178), (21, 23), (21, 75), (35, 72)]
didnt:	[(18, 186)]
show:	[(18, 187), (37, 1)]
24:	[(0, 177), (19, 1), (21, 50)]
mav:	[(19, 4), (19, 24)]
care:	[(19, 6)]
promis:	[(19, 9)]
too:	[(19, 10)]
next:	[(19, 13)]
deserv:	[(19, 19)]
better:	[(19, 20)]
than:	[(19, 21)]
donni:	[(19, 26)]
nelson:	[(19, 27)]
regular:	[(19, 29), (21, 111)]
week:	[(12, 20), (16, 37), (19, 35)]
extend:	[(19, 39)]
golden:	[(20, 1), (20, 54)]
state:	[(20, 2), (20, 55), (32, 25)]
warrior:	[(20, 3), (29, 62)]
someth:	[(20, 7)]
prove:	[(20, 9)]
right:	[(9, 56), (20, 11)]
plan:	[(20, 13)]
stay:	[(20, 15), (35, 68)]
thompson:	[(20, 21)]
found:	[(20, 22)]
shoot:	[(16, 9), (20, 24), (21, 43), (21, 98), (21, 121), (21, 126)]
touch:	[(20, 25)]
score:	[(0, 75), (0, 141), (20, 27), (21, 93), (21, 116), (21, 148), (21, 187)]
27:	[(0, 118), (20, 28)]
point:	[(20, 29), (20, 44), (21, 118), (21, 131), (21, 135), (21, 156), (21, 171), (35, 290)]
11:	[(0, 72), (11, 138), (20, 31), (36, 138)]
13:	[(0, 74), (0, 220), (11, 145), (20, 33)]
shot:	[(13, 3), (14, 3), (16, 19), (20, 34), (20, 50), (21, 137), (36, 103)]
7:	[(0, 146), (0, 214), (0, 293), (9, 54), (9, 57), (9, 94), (11, 116), (13, 42), (14, 7), (16, 55), (20, 36)]
footer:	[(20, 37)]
Ja:	[(20, 38)]
vale:	[(20, 39)]
Mc:	[(20, 40)]
gee:	[(20, 41)]
contribut:	[(20, 42)]
15:	[(11, 110), (11, 153), (20, 43)]
4:	[(0, 58), (0, 121), (0, 187), (7, 9), (7, 19), (7, 29), (7, 39), (10, 13), (11, 106), (14, 80), (16, 11), (20, 45), (21, 48), (35, 2)]
rebound:	[(20, 46)]
block:	[(20, 49)]
16:	[(0, 235), (0, 239), (11, 159), (20, 52)]
minut:	[(20, 53)]
came:	[(20, 56)]
swarm:	[(20, 61)]
defens:	[(20, 62), (31, 63)]
use:	[(8, 21), (20, 66)]
hadnt:	[(20, 74)]
exhibit:	[(20, 75)]
late:	[(20, 77)]
rotat:	[(20, 79)]
mix:	[(11, 128), (20, 81)]
match:	[(10, 33), (10, 37), (20, 83)]
injuri:	[(20, 86)]
ill:	[(20, 88)]
limit:	[(21, 3)]
contact:	[(1, 76), (21, 4)]
rectangular:	[(21, 9)]
court:	[(21, 10), (21, 79), (21, 202)]
often:	[(21, 13)]
five:	[(21, 20)]
player:	[(15, 59), (21, 21), (21, 125), (27, 73), (28, 5), (28, 16), (28, 28), (28, 36), (29, 75), (30, 55), (31, 76)]
side:	[(21, 24)]
two:	[(13, 32), (14, 38), (21, 28), (21, 30), (21, 134), (34, 63), (34, 70), (35, 137)]
competit:	[(12, 128), (14, 60), (21, 35)]
common:	[(21, 38)]
object:	[(15, 74), (21, 40)]
9:	[(0, 202), (0, 216), (0, 294), (11, 130), (21, 47)]
inch:	[(21, 49), (21, 58)]
cm:	[(21, 51)]
diamet:	[(21, 53), (21, 60)]
hoop:	[(21, 56)]
feet:	[(21, 63)]
3:	[(0, 85), (0, 110), (0, 127), (0, 138), (7, 7), (7, 17), (7, 27), (7, 37), (8, 152), (8, 156), (10, 11), (10, 23), (11, 102), (21, 64), (34, 2)]
048:	[(21, 65)]
m:	[(8, 7), (8, 25), (8, 36), (8, 37), (8, 58), (21, 66)]
high:	[(11, 62), (21, 67)]
mount:	[(21, 70)]
backboard:	[(21, 73)]
invent:	[(21, 83)]
1891:	[(21, 85)]
Dr:	[(1, 48), (1, 70), (21, 87)]
jame:	[(21, 88)]
naismith:	[(21, 89)]
A:	[(21, 90), (21, 113), (21, 144), (27, 24), (32, 92)]
goal:	[(21, 96), (21, 115), (30, 95)]
ball:	[(15, 12), (15, 20), (15, 82), (21, 100), (21, 196)]
basket:	[(21, 103)]
opposit:	[(21, 108)]
dure:	[(21, 110), (32, 34), (34, 24), (35, 7), (36, 222)]
behind:	[(21, 128)]
line:	[(21, 132), (21, 143)]
front:	[(15, 26), (21, 140), (36, 282)]
via:	[(21, 149)]
free:	[(21, 150)]
throw:	[(21, 151)]
worth:	[(21, 154)]
other:	[(11, 57), (21, 159), (34, 38), (35, 221)]
assess:	[(21, 162)]
certain:	[(21, 164)]
foul:	[(21, 165)]
addit:	[(10, 0), (21, 180)]
overtim:	[(21, 182)]
mandat:	[(21, 184)]
tie:	[(21, 189)]
regul:	[(21, 194)]
advanc:	[(21, 199), (36, 66)]
or:	[(1, 58), (12, 102), (21, 209), (21, 215), (34, 69), (36, 244)]
bounc:	[(21, 211)]
dribbl:	[(21, 217)]
buildingon:	[(38, 0)]
buildingtwo:	[(38, 1)]
buildingthre:	[(38, 2)]
includ:	[(2, 0), (2, 1), (2, 2), (9, 0)]
int:	[(2, 3), (2, 8), (2, 13), (9, 1), (9, 4), (9, 12), (9, 16), (9, 18), (9, 22), (9, 28)]
mainint:	[(2, 4)]
argc:	[(2, 5)]
char:	[(2, 6), (2, 15), (8, 74), (8, 79)]
argv:	[(2, 7)]
lett:	[(2, 9)]
file:	[(0, 97), (0, 175), (2, 11), (2, 36), (10, 2), (10, 18), (10, 35)]
fin:	[(2, 12), (2, 25), (2, 30), (2, 49)]
i:	[(2, 14), (2, 18), (2, 20), (2, 22), (2, 51), (2, 53), (2, 55), (2, 62), (8, 55), (8, 57), (8, 60), (8, 63), (8, 76), (9, 29), (9, 31), (9, 59), (9, 79), (9, 81)]
onechar:	[(2, 16), (2, 41)]
0:	[(2, 19), (2, 24), (2, 52), (8, 46), (8, 83), (9, 20), (9, 32), (9, 34), (9, 75), (9, 77), (9, 113), (9, 115), (9, 119)]
26:	[(0, 179), (2, 21), (2, 54)]
letteri:	[(2, 23), (2, 64)]
fopen:	[(2, 26)]
arg:	[(2, 27), (2, 38)]
r:	[(2, 28), (8, 42), (8, 62)]
null:	[(2, 31)]
printf:	[(2, 32), (2, 56), (9, 40), (9, 64), (9, 84), (9, 107), (9, 116)]
unabl:	[(2, 33)]
sn:	[(2, 37)]
exi:	[(2, 39)]
getcfin:	[(2, 42)]
eof:	[(2, 43)]
isalphaonechar:	[(2, 45)]
lettertoloweronechar:	[(2, 46)]
fclose:	[(2, 48)]
c:	[(2, 58), (8, 28), (8, 33), (8, 45), (8, 47), (8, 50), (8, 51), (8, 52)]
occur:	[(0, 210), (2, 59)]
d:	[(2, 60)]
timesn:	[(2, 61)]
brown:	[(0, 93), (3, 1), (3, 4), (4, 2), (5, 4), (6, 0), (37, 8)]
cow:	[(0, 94), (0, 95), (3, 5), (4, 3), (5, 1), (5, 5), (6, 1), (12, 24)]
sinc:	[(12, 41), (27, 4)]
dez:	[(27, 5), (27, 60), (28, 0), (28, 21), (29, 17), (30, 12), (30, 51)]
bryant:	[(27, 6), (29, 18), (29, 24), (29, 41), (30, 13), (30, 38), (30, 93)]
releas:	[(27, 8), (30, 9)]
friday:	[(13, 6), (14, 10), (27, 10)]
cowboy:	[(27, 11), (27, 49), (28, 59), (29, 15), (29, 30), (29, 49), (30, 1), (30, 42), (30, 80), (31, 2), (31, 19), (31, 42), (31, 51)]
head:	[(11, 142), (27, 12)]
jason:	[(27, 14)]
garrett:	[(27, 15), (28, 49)]
caption:	[(27, 18)]
spoke:	[(27, 19)]
publicli:	[(27, 20)]
differ:	[(27, 27), (30, 87), (33, 58)]
factor:	[(27, 28)]
into:	[(12, 50), (13, 11), (14, 15), (15, 22), (16, 21), (27, 29), (35, 277), (36, 149)]
these:	[(27, 30), (30, 71)]
decis:	[(27, 33), (27, 57)]
guidepost:	[(27, 35)]
made:	[(15, 30), (15, 72), (15, 73), (27, 55), (31, 71), (36, 64)]
wish:	[(27, 59)]
noth:	[(27, 61)]
He:	[(27, 66), (29, 51), (31, 22)]
love:	[(27, 67), (28, 56)]
domin:	[(28, 3), (28, 14)]
continu:	[(28, 10), (28, 50)]
tought:	[(28, 18)]
see:	[(28, 20)]
type:	[(28, 26)]
ever:	[(14, 45), (28, 38)]
guy:	[(28, 42)]
fed:	[(28, 45)]
passion:	[(28, 48)]
stress:	[(28, 52)]
former:	[(28, 58)]
wide:	[(28, 60)]
hope:	[(28, 63), (31, 34)]
lifelong:	[(28, 68)]
relationship:	[(28, 69)]
everyon:	[(29, 2)]
weekend:	[(14, 17), (29, 7)]
reflect:	[(29, 9)]
split:	[(29, 12)]
between:	[(29, 13)]
let:	[(11, 184), (29, 19)]
address:	[(29, 20)]
theme:	[(29, 23)]
still:	[(29, 26)]
clearli:	[(29, 27)]
departur:	[(29, 40)]
histori:	[(29, 50)]
genuinel:	[(29, 53)]
regard:	[(11, 203), (29, 59)]
doesnt:	[(29, 64)]
him:	[(16, 27), (29, 66), (29, 82), (35, 107), (35, 131), (35, 231), (36, 87), (36, 271), (36, 279), (36, 306)]
leader:	[(29, 68), (30, 28)]
did:	[(29, 71)]
fellow:	[(29, 73)]
vote:	[(29, 81)]
captain:	[(29, 85)]
posit:	[(16, 30), (29, 86)]
vice:	[(30, 2)]
stephen:	[(30, 4)]
comment:	[(30, 6)]
tuesday:	[(30, 18)]
touchdown:	[(30, 30)]
recept:	[(30, 31)]
alway:	[(30, 48)]
difficult:	[(30, 49), (34, 31)]
amaz:	[(30, 54)]
same:	[(12, 29), (30, 69)]
happen:	[(30, 72)]
busi:	[(30, 75)]
acknowledg:	[(30, 77)]
offens:	[(30, 81)]
such:	[(12, 115), (30, 91)]
creat:	[(12, 103), (30, 98)]
championship:	[(30, 106)]
overhaul:	[(31, 3)]
group:	[(15, 52), (31, 5), (35, 258)]
richard:	[(31, 12)]
proud:	[(31, 14)]
join:	[(31, 16)]
organ:	[(31, 21)]
credit:	[(31, 24)]
develop:	[(31, 26)]
legion:	[(31, 29)]
boom:	[(31, 31)]
secondari:	[(31, 32), (31, 43)]
similar:	[(31, 38), (31, 56)]
impact:	[(31, 39)]
transit:	[(31, 45)]
should:	[(31, 46)]
fairli:	[(31, 48)]
seamless:	[(31, 49)]
seahawk:	[(31, 54)]
principl:	[(31, 57)]
champagn:	[(12, 1)]
pop:	[(12, 2)]
echo:	[(12, 3)]
hear:	[(12, 5)]
cb:	[(12, 8)]
pga:	[(12, 10), (14, 48)]
tour:	[(12, 11), (14, 49), (16, 50)]
offici:	[(12, 12), (16, 51)]
celebr:	[(12, 13)]
master:	[(12, 19)]
cash:	[(12, 23)]
tiger:	[(12, 31), (12, 42), (12, 91), (12, 104), (12, 106)]
wood:	[(12, 32)]
sore:	[(12, 36)]
life:	[(12, 44), (36, 295)]
bodi:	[(12, 45)]
went:	[(12, 49)]
rough:	[(12, 52)]
rise:	[(12, 54)]
golf:	[(7, 4), (7, 6), (7, 8), (7, 10), (12, 56), (12, 129), (13, 20), (15, 43), (16, 71), (16, 82)]
young:	[(12, 57), (35, 199)]
close:	[(12, 62), (32, 64)]
relev:	[(0, 196), (12, 67)]
rori:	[(12, 73)]
justin:	[(12, 76)]
dustin:	[(12, 79)]
phil:	[(12, 80)]
mickelson:	[(12, 81)]
actual:	[(12, 82)]
enjoy:	[(12, 83)]
wonder:	[(12, 85)]
god:	[(12, 92)]
scum:	[(12, 96)]
equal:	[(12, 105)]
major:	[(12, 110)]
2008:	[(12, 112)]
stretch:	[(12, 118)]
old:	[(12, 123), (13, 27), (35, 20), (35, 35)]
here:	[(11, 68), (12, 135), (37, 3)]
save:	[(12, 137)]
jay:	[(13, 0)]
haa:	[(13, 1), (13, 28)]
nearli:	[(13, 2)]
age:	[(13, 5), (35, 54)]
lead:	[(11, 35), (13, 10), (13, 48), (14, 14), (14, 76), (16, 20)]
36:	[(13, 13)]
hole:	[(13, 14), (13, 33), (14, 81)]
saturday:	[(13, 15)]
finish:	[(13, 16), (15, 35)]
profession:	[(13, 19)]
associ:	[(13, 21)]
misubishi:	[(13, 22)]
classic:	[(0, 264), (13, 23), (14, 22)]
64:	[(13, 25)]
birdi:	[(13, 29), (14, 78), (15, 4)]
breezi:	[(13, 35)]
condit:	[(13, 36)]
tpc:	[(13, 38)]
sugarloaf:	[(13, 39)]
par:	[(13, 44), (14, 9), (14, 71), (15, 39), (16, 13)]
onestrok:	[(13, 47)]
nearest:	[(13, 51)]
golfer:	[(13, 52)]
bryson:	[(14, 0)]
De:	[(14, 1), (14, 23), (14, 61)]
chambeau:	[(14, 2), (14, 24), (14, 62)]
rbc:	[(14, 20)]
hearitag:	[(14, 21)]
event:	[(14, 26), (36, 121)]
harbour:	[(14, 32), (15, 41)]
town:	[(14, 33), (15, 42), (32, 56), (32, 66), (32, 126), (35, 21), (36, 52)]
gold:	[(14, 34)]
link:	[(0, 259), (11, 112), (11, 126), (14, 35), (15, 44)]
2016:	[(14, 37)]
later:	[(14, 40)]
post:	[(0, 45), (14, 42)]
losest:	[(14, 44)]
get:	[(11, 46), (14, 51), (34, 43), (35, 130)]
undeer:	[(14, 53)]
132:	[(14, 54)]
stroke:	[(14, 56), (15, 50)]
ahead:	[(14, 57)]
jumpstart:	[(14, 63)]
round:	[(14, 65), (16, 24)]
eagl:	[(14, 68)]
took:	[(14, 74)]
kelli:	[(15, 0)]
kraft:	[(15, 1), (15, 11), (15, 29), (15, 51), (15, 75)]
got:	[(15, 2)]
bird:	[(15, 15), (15, 68)]
flight:	[(15, 17)]
drop:	[(15, 21)]
green:	[(15, 28)]
bogey:	[(15, 33)]
cut:	[(15, 47)]
rule:	[(15, 56)]
simplli:	[(15, 61)]
rete:	[(15, 62)]
penalti:	[(15, 64)]
instead:	[(15, 65)]
resurg:	[(16, 1)]
poulter:	[(16, 2), (16, 38), (16, 83)]
chanc:	[(16, 6)]
sunday:	[(16, 7), (16, 48)]
67:	[(16, 14)]
put:	[(16, 26)]
victori:	[(16, 34)]
chaser:	[(16, 41)]
quick:	[(16, 45)]
threesom:	[(16, 61)]
both:	[(16, 63)]
tee:	[(16, 64)]
expect:	[(16, 67)]
weater:	[(16, 68)]
nice:	[(16, 78)]
godo:	[(16, 81)]
2020:	[(0, 4), (1, 1), (1, 27), (10, 42), (11, 13)]
freeman:	[(1, 2), (1, 49), (1, 71)]
L:	[(1, 3)]
moor:	[(1, 4), (1, 50), (1, 72)]
Ph:	[(1, 5)]
demail:	[(1, 6)]
fmoor:	[(1, 7), (1, 78)]
lyle:	[(1, 8), (1, 79)]
smu:	[(0, 0), (1, 9), (1, 80)]
edu:	[(1, 10), (1, 81)]
2019:	[(1, 12)]
CS:	[(0, 1), (1, 13)]
53307330:	[(1, 14)]
keep:	[(1, 15)]
calendar:	[(1, 20)]
latest:	[(0, 13), (1, 24)]
inform:	[(0, 182), (1, 25)]
tth:	[(1, 28)]
5:00:	[(1, 29)]
6:20:	[(1, 30)]
pm:	[(1, 31)]
junkin:	[(1, 32)]
1135337:	[(1, 33)]
syllabu:	[(1, 34), (1, 36)]
7337:	[(1, 35)]
content:	[(0, 16), (1, 38), (11, 158)]
web:	[(0, 53), (0, 62), (1, 41)]
site:	[(1, 42), (1, 68), (11, 157), (11, 161), (11, 165)]
sole:	[(1, 45)]
respons:	[(1, 46), (11, 92), (36, 243), (36, 251)]
necessarili:	[(1, 54)]
repres:	[(1, 55), (33, 130)]
opinion:	[(1, 57)]
polici:	[(1, 59)]
southern:	[(1, 61), (32, 23)]
methodist:	[(1, 62)]
univers:	[(1, 63)]
administr:	[(1, 65)]
may:	[(0, 283), (0, 292), (1, 74)]
textfil:	[(0, 100), (7, 0)]
clusteringgolf:	[(7, 2)]
text:	[(0, 174), (0, 217), (10, 1)]
support:	[(10, 4)]
queri:	[(0, 199), (10, 5)]
implementationpart:	[(10, 6)]
hocuspocu:	[(10, 16)]
word:	[(0, 131), (10, 17), (10, 24), (10, 32)]
exact:	[(10, 21)]
matchsam:	[(10, 22)]
buildin:	[(10, 26)]
txt:	[(10, 27)]
revers:	[(10, 30)]
order:	[(10, 31)]
dont:	[(10, 36)]
updat:	[(10, 39)]
april:	[(10, 40)]
07:	[(10, 41)]
function:	[(8, 0), (8, 101), (8, 122)]
levenshtein:	[(0, 111), (8, 1), (8, 138), (8, 144)]
distancea:	[(8, 2)]
b:	[(8, 3), (8, 12), (8, 18), (8, 31), (8, 32), (8, 78)]
var:	[(8, 4), (8, 6), (8, 10), (8, 27), (8, 34), (8, 41), (8, 44), (8, 54), (8, 65), (8, 124)]
length:	[(8, 9), (8, 13), (8, 17), (8, 19)]
n:	[(8, 11), (8, 26), (8, 38), (8, 39), (8, 48), (8, 69), (9, 73)]
ominnm:	[(8, 22)]
space:	[(0, 77), (0, 276), (8, 23)]
o:	[(8, 35), (8, 40)]
ri:	[(8, 61), (8, 87), (8, 94)]
j:	[(8, 66), (8, 68), (8, 71), (8, 81), (8, 89), (8, 96)]
rij:	[(8, 85), (8, 91)]
mino:	[(8, 86), (8, 102)]
rmn:	[(8, 100)]
x:	[(8, 103), (8, 107), (8, 109), (8, 112), (8, 115)]
y:	[(8, 104), (8, 108), (8, 114), (8, 116), (8, 119)]
z:	[(8, 105), (8, 110), (8, 117), (8, 121)]
do_calc:	[(8, 123)]
len_:	[(8, 125), (8, 126)]
di:	[(8, 127), (8, 137), (8, 143)]
myform:	[(8, 128), (8, 131), (8, 134), (8, 140)]
distanc:	[(8, 129), (8, 139), (8, 141), (8, 145), (8, 161)]
valu:	[(8, 130), (8, 133), (8, 136), (8, 142)]
strin:	[(8, 132), (8, 135)]
calcul:	[(8, 146)]
exampl:	[(0, 168), (0, 231), (8, 148)]
fast:	[(8, 149)]
cat:	[(8, 151), (8, 153)]
dog:	[(8, 155)]
string:	[(8, 157), (8, 159)]
beig:	[(37, 9)]
tan:	[(37, 10)]
auburn:	[(37, 11)]
mockingbird:	[(32, 0), (32, 6), (33, 0), (34, 0), (35, 0), (36, 0)]
kill:	[(32, 4), (36, 105)]
primarili:	[(32, 8)]
novel:	[(32, 10)]
grow:	[(32, 12)]
extraordinari:	[(32, 15)]
1930:	[(32, 19)]
s:	[(32, 20)]
unit:	[(32, 24)]
stori:	[(32, 27), (33, 119), (35, 4), (36, 257)]
cover:	[(32, 28)]
span:	[(32, 30)]
main:	[(9, 2), (32, 37), (36, 23)]
charact:	[(32, 38)]
undergo:	[(32, 39)]
signific:	[(32, 40), (36, 79)]
finch:	[(32, 43), (35, 38)]
live:	[(32, 44), (32, 78), (32, 89), (34, 120), (35, 41)]
her:	[(32, 46), (33, 57), (33, 60), (33, 82), (33, 93), (33, 102), (33, 107), (33, 112), (34, 44), (34, 48), (34, 82), (34, 90), (35, 43), (35, 242), (35, 252), (36, 47), (36, 71), (36, 74), (36, 77)]
brother:	[(32, 47), (33, 79), (35, 45)]
jem:	[(32, 48), (32, 114), (33, 122), (34, 6), (34, 55), (34, 84), (34, 101), (35, 46), (35, 56), (35, 145), (35, 224), (35, 271), (36, 7), (36, 31), (36, 88), (36, 163), (36, 181), (36, 202), (36, 237)]
father:	[(32, 51), (33, 90), (33, 113), (33, 126), (35, 50), (35, 243), (36, 48), (36, 72)]
atticu:	[(32, 52), (32, 94), (34, 19), (35, 51), (35, 184), (35, 210), (35, 255), (35, 287), (36, 3), (36, 40), (36, 97), (36, 125), (36, 144), (36, 229), (36, 239), (36, 252)]
fictiti:	[(32, 55)]
maycomb:	[(32, 58), (32, 60), (32, 91), (33, 29), (35, 23), (35, 28), (35, 66), (35, 93), (35, 207)]
alabama:	[(32, 59), (35, 24)]
small:	[(32, 63), (35, 151)]
knit:	[(32, 65)]
famili:	[(32, 69)]
station:	[(32, 73)]
depend:	[(32, 74)]
parent:	[(32, 81)]
ancestor:	[(32, 87)]
widow:	[(32, 93), (35, 49), (36, 157)]
rais:	[(32, 95)]
himself:	[(32, 99)]
kindli:	[(32, 104)]
neighbor:	[(32, 105), (33, 5), (33, 23), (34, 75), (35, 84)]
black:	[(32, 108), (33, 132), (35, 190)]
housekeep:	[(32, 109)]
name:	[(11, 26), (32, 110), (33, 134), (35, 62)]
calpurnia:	[(32, 111)]
almost:	[(32, 115)]
instinct:	[(32, 116)]
understand:	[(32, 117)]
complex:	[(32, 119)]
machin:	[(32, 121)]
neighborhood:	[(32, 124)]
puzzl:	[(33, 7)]
mysteri:	[(33, 11), (35, 163), (36, 199)]
arthur:	[(33, 12), (35, 87)]
radley:	[(33, 13), (35, 89), (35, 158), (36, 211), (36, 291)]
nicknam:	[(33, 14)]
boo:	[(33, 15), (33, 42), (35, 88), (35, 99), (35, 164), (36, 210), (36, 245), (36, 266), (36, 297)]
outsid:	[(33, 19), (33, 43), (35, 156)]
dill:	[(33, 21), (35, 63), (35, 142), (35, 273), (36, 34)]
anoth:	[(33, 22), (35, 112)]
nephew:	[(33, 24)]
spend:	[(33, 26)]
summer:	[(33, 27), (35, 73), (35, 138)]
begin:	[(33, 33)]
obsess:	[(33, 35)]
sometim:	[(33, 37)]
peril:	[(33, 38)]
quest:	[(33, 39)]
lure:	[(33, 41)]
tomboy:	[(33, 47)]
compani:	[(11, 39), (33, 51)]
boy:	[(33, 53), (35, 61)]
solv:	[(33, 56)]
fist:	[(33, 61)]
she:	[(33, 62), (33, 73), (33, 96), (36, 275)]
sens:	[(33, 66)]
demand:	[(33, 71)]
act:	[(33, 74), (33, 84)]
ladi:	[(33, 77)]
critic:	[(33, 81)]
girl:	[(33, 87)]
accept:	[(33, 92), (36, 254)]
hate:	[(33, 99)]
school:	[(33, 100), (34, 94), (36, 176)]
gain:	[(33, 101)]
valuabl:	[(33, 104)]
educ:	[(33, 105)]
own:	[(33, 108), (36, 264)]
street:	[(33, 109)]
quit:	[(33, 115)]
midway:	[(33, 116)]
discov:	[(33, 123), (36, 216)]
tom:	[(33, 135), (35, 187), (35, 214), (35, 264), (35, 289), (36, 14), (36, 68), (36, 82), (36, 101), (36, 113), (36, 155)]
robinson:	[(33, 136), (35, 188), (36, 15), (36, 156)]
accus:	[(33, 139), (35, 195), (36, 44)]
rape:	[(33, 141), (35, 197)]
white:	[(33, 145), (35, 200)]
woman:	[(33, 146), (34, 110), (35, 201)]
suddenli:	[(34, 3)]
toler:	[(34, 9)]
barrag:	[(34, 11)]
racial:	[(34, 13)]
slur:	[(34, 14)]
insult:	[(34, 16)]
role:	[(34, 20)]
trial:	[(34, 23), (34, 113), (36, 16), (36, 124), (36, 137)]
veri:	[(34, 30)]
restrain:	[(34, 33)]
physic:	[(34, 35)]
fight:	[(34, 36), (35, 246), (36, 224)]
tendenc:	[(34, 41)]
troubl:	[(34, 46)]
aunt:	[(34, 49), (34, 116), (35, 71)]
alexandra:	[(34, 50), (34, 117)]
uncl:	[(34, 52)]
jack:	[(34, 53)]
older:	[(34, 57), (35, 44)]
more:	[(0, 173), (11, 198), (34, 59)]
levelhead:	[(34, 60)]
lose:	[(34, 64)]
temper:	[(34, 66)]
respond:	[(34, 72)]
mr:	[(34, 76)]
dubos:	[(34, 77)]
verbal:	[(34, 78)]
attack:	[(34, 79), (36, 160)]
destroy:	[(34, 81), (36, 129)]
plant:	[(34, 83)]
sentenc:	[(34, 86)]
read:	[(0, 287), (34, 88)]
ultim:	[(34, 98)]
learn:	[(34, 102)]
power:	[(34, 104)]
lesson:	[(34, 105)]
braveri:	[(34, 107)]
As:	[(34, 111)]
draw:	[(34, 114)]
nearer:	[(34, 115)]
guis:	[(34, 125)]
provid:	[(11, 77), (34, 127)]
feminin:	[(34, 129)]
influenc:	[(34, 130)]
place:	[(35, 6), (35, 159)]
1933:	[(35, 10)]
35:	[(35, 11)]
depress:	[(35, 15)]
fiction:	[(35, 18)]
tire:	[(35, 19)]
counti:	[(35, 29)]
focus:	[(35, 31)]
six:	[(35, 33)]
jean:	[(35, 36)]
louis:	[(35, 37)]
middl:	[(35, 53)]
lawyer:	[(35, 55)]
befriend:	[(35, 59)]
visit:	[(35, 65)]
terrifi:	[(35, 78)]
fascin:	[(35, 81)]
reclus:	[(35, 86)]
adult:	[(35, 91)]
hesit:	[(35, 95)]
talk:	[(35, 97)]
mani:	[(35, 102), (35, 205)]
seen:	[(35, 106)]
feed:	[(35, 110)]
imagin:	[(35, 113), (36, 294)]
rumor:	[(35, 115)]
appear:	[(35, 118), (35, 178)]
remain:	[(35, 122)]
hidden:	[(35, 123)]
fantas:	[(35, 126)]
hous:	[(35, 135), (36, 152)]
friendship:	[(35, 140)]
someon:	[(35, 148), (36, 192)]
leav:	[(35, 149)]
gift:	[(35, 152), (36, 309)]
tree:	[(35, 155)]
sever:	[(35, 160)]
gestur:	[(35, 166)]
affect:	[(35, 168)]
disappoint:	[(35, 175)]
judg:	[(35, 181), (36, 151)]
taylor:	[(35, 182)]
appoint:	[(35, 183)]
mayella:	[(35, 202), (36, 45), (36, 63)]
ewel:	[(35, 203), (36, 50), (36, 116), (36, 130), (36, 139), (36, 219), (36, 259)]
although:	[(35, 204)]
citizen:	[(35, 208)]
disapprov:	[(35, 209)]
agre:	[(35, 211)]
abil:	[(35, 220)]
taunt:	[(35, 223)]
atticuss:	[(35, 228)]
action:	[(35, 229)]
call:	[(35, 230)]
nigger:	[(35, 233)]
lover:	[(35, 234)]
tempt:	[(35, 237)]
stand:	[(35, 239), (36, 288)]
honor:	[(35, 244)]
though:	[(35, 248)]
intent:	[(35, 261)]
lynch:	[(35, 263)]
danger:	[(35, 266)]
avert:	[(35, 268)]
shame:	[(35, 274)]
mob:	[(35, 276)]
dispers:	[(35, 278)]
forc:	[(35, 280)]
view:	[(35, 283), (35, 292)]
situat:	[(35, 285)]
doe:	[(36, 4)]
avail:	[(36, 20)]
floor:	[(36, 24)]
invit:	[(36, 27)]
rev:	[(36, 29)]
syke:	[(36, 30)]
color:	[(36, 38)]
balconi:	[(36, 39)]
establish:	[(36, 41)]
bob:	[(36, 49), (36, 115), (36, 218)]
drunk:	[(36, 53)]
lie:	[(36, 55)]
becom:	[(36, 58), (36, 92)]
clear:	[(36, 59)]
friendless:	[(36, 62)]
sexual:	[(36, 65)]
toward:	[(36, 67)]
caught:	[(36, 73)]
despit:	[(36, 78), (36, 112)]
evid:	[(36, 80)]
juri:	[(36, 85)]
convict:	[(36, 86), (36, 114)]
faith:	[(36, 89)]
justic:	[(36, 91)]
badli:	[(36, 93)]
shaken:	[(36, 94)]
hapless:	[(36, 100)]
escap:	[(36, 109)]
prison:	[(36, 111)]
humili:	[(36, 118)]
explain:	[(36, 126)]
shred:	[(36, 132)]
credibl:	[(36, 134)]
vow:	[(36, 140)]
reveng:	[(36, 141)]
spit:	[(36, 142)]
break:	[(0, 167), (36, 148)]
menac:	[(36, 154)]
defenseless:	[(36, 162)]
dark:	[(0, 52), (36, 172)]
halloween:	[(36, 177)]
pageant:	[(36, 178)]
arm:	[(36, 182)]
broken:	[(36, 184)]
struggl:	[(36, 187)]
amid:	[(36, 189)]
confus:	[(36, 191)]
rescu:	[(36, 197)]
carri:	[(9, 23), (9, 33), (9, 38), (9, 44), (9, 49), (9, 102), (36, 201)]
realiz:	[(36, 206)]
sheriff:	[(36, 212), (36, 226), (36, 256)]
tate:	[(36, 213), (36, 247)]
die:	[(36, 221)]
argu:	[(36, 227)]
prudenc:	[(36, 232)]
ethic:	[(36, 234)]
charg:	[(36, 236)]
whom:	[(36, 238), (36, 246)]
believ:	[(36, 240), (36, 248)]
eventu:	[(36, 253)]
simpli:	[(36, 260)]
fell:	[(36, 261)]
knife:	[(36, 265)]
goodby:	[(36, 277)]
disappear:	[(36, 285)]
porch:	[(36, 292)]
perspect:	[(36, 298)]
regret:	[(36, 300)]
repaid:	[(36, 305)]
given:	[(36, 312)]
53377337:	[(0, 2)]
preliminari:	[(0, 5)]
schedul:	[(0, 6), (0, 14)]
page:	[(0, 8), (0, 172), (0, 267), (11, 18), (11, 66)]
maintain:	[(0, 10)]
activ:	[(0, 18), (0, 21)]
date:	[(0, 19)]
topic:	[(0, 20)]
jan:	[(0, 22), (0, 24), (0, 38), (0, 40)]
overview:	[(0, 27)]
introduct:	[(0, 28)]
IR:	[(0, 30)]
chpt:	[(0, 31), (0, 47), (0, 65), (0, 79), (0, 109), (0, 120), (0, 124), (0, 145), (0, 184), (0, 201), (0, 219), (0, 238), (0, 261), (0, 278)]
hmwk:	[(0, 33), (0, 49), (0, 68), (0, 81), (0, 84), (0, 126), (0, 186), (0, 203), (0, 241), (0, 244), (0, 280)]
assign:	[(0, 35), (0, 51), (0, 86), (0, 89), (0, 148), (0, 205), (0, 208), (0, 246)]
reimaging:	[(0, 36)]
search:	[(0, 37), (0, 143), (11, 58)]
28:	[(0, 39), (0, 272), (9, 91)]
30:	[(0, 41), (0, 274)]
boolean:	[(0, 42)]
retriev:	[(0, 43), (0, 183)]
term:	[(0, 44)]
articl:	[(0, 54), (0, 56)]
mercat:	[(0, 55)]
feb:	[(0, 57), (0, 59), (0, 71), (0, 73), (0, 101), (0, 103), (0, 115), (0, 117)]
crawl:	[(0, 64)]
vector:	[(0, 76), (0, 275)]
model:	[(0, 78), (0, 144)]
project:	[(0, 87), (0, 189), (0, 206), (0, 289), (11, 183)]
1234:	[(0, 96)]
littl:	[(0, 98)]
lamb:	[(0, 99)]
wildcard:	[(0, 105)]
spell:	[(0, 107)]
error:	[(0, 108)]
disanc:	[(0, 112)]
soundex:	[(0, 113)]
onlin:	[(0, 114)]
25:	[(0, 116)]
index:	[(0, 119), (0, 122)]
compress:	[(0, 123)]
distribut:	[(0, 130)]
morph:	[(0, 132)]
variabl:	[(0, 133), (9, 68)]
byte:	[(0, 134), (9, 69)]
C:	[(0, 135)]
program:	[(0, 136)]
mar:	[(0, 137), (0, 139), (0, 150), (0, 152), (0, 160), (0, 162), (0, 176), (0, 178), (0, 192)]
complet:	[(0, 142)]
hmw:	[(0, 147)]
badfil:	[(0, 149)]
catch:	[(0, 154)]
review:	[(0, 156)]
midterm:	[(0, 157)]
exam:	[(0, 158), (0, 295)]
17:	[(0, 161), (0, 240), (11, 163)]
class:	[(0, 165), (0, 286)]
noindex:	[(0, 171)]
evalu:	[(0, 180)]
8:	[(0, 185), (11, 121)]
31:	[(0, 193)]
apr:	[(0, 194), (0, 213), (0, 215), (0, 232), (0, 234), (0, 255), (0, 257), (0, 271), (0, 273)]
feedback:	[(0, 197)]
expans:	[(0, 200)]
co:	[(0, 209)]
matrix:	[(0, 211)]
exmpl:	[(0, 212)]
classif:	[(0, 218), (0, 277)]
roadmap:	[(0, 221)]
seo:	[(0, 222)]
email:	[(0, 223)]
bay:	[(0, 224)]
classifi:	[(0, 225), (0, 228), (11, 104)]
poem:	[(0, 226), (0, 247)]
hockey:	[(0, 230)]
14:	[(0, 233), (0, 279), (11, 149)]
document:	[(0, 236)]
cluster:	[(0, 237)]
k:	[(0, 248), (0, 251)]
mean:	[(0, 249)]
NN:	[(0, 252)]
hierarch:	[(0, 253)]
demo:	[(0, 254)]
analysi:	[(0, 260), (11, 140)]
googl:	[(0, 265), (11, 20), (11, 52)]
algorithm:	[(0, 270)]
II:	[(0, 296)]
origin:	[(11, 0)]
messag:	[(11, 1)]
atul:	[(11, 3)]
kumar:	[(11, 4)]
mailtoatu:	[(11, 5)]
930:	[(11, 6)]
outlook:	[(11, 7), (11, 212)]
com:	[(11, 8)]
sent:	[(11, 9), (11, 210)]
march:	[(11, 11)]
12:58:	[(11, 14)]
AM:	[(11, 15)]
subject:	[(11, 16)]
99:	[(11, 21), (11, 179)]
Hi:	[(11, 24)]
My:	[(11, 25)]
afsar:	[(11, 28), (11, 204)]
ali:	[(11, 29), (11, 205)]
work:	[(11, 31)]
reput:	[(11, 34)]
S:	[(11, 36), (11, 79)]
E:	[(11, 37), (11, 80)]
O:	[(11, 38), (11, 81)]
india:	[(11, 41)]
experi:	[(11, 44)]
custom:	[(11, 48)]
websit:	[(11, 49), (11, 117)]
yahoo:	[(11, 53)]
msn:	[(11, 55)]
engin:	[(11, 59)]
produc:	[(11, 61)]
revenu:	[(11, 63)]
ani:	[(11, 72)]
contract:	[(11, 73)]
OR:	[(11, 74)]
bond:	[(11, 75)]
special:	[(11, 82)]
offer:	[(11, 83)]
follow:	[(11, 87)]
packag:	[(11, 88), (11, 176)]
monthli:	[(11, 89)]
task:	[(11, 90)]
150:	[(11, 94)]
directori:	[(11, 95)]
submiss:	[(11, 96), (11, 101), (11, 105), (11, 115), (11, 168)]
50:	[(11, 98)]
bookmak:	[(11, 100)]
pdf:	[(11, 107)]
submisss:	[(11, 108)]
deep:	[(11, 111)]
ppt:	[(11, 114)]
suggest:	[(11, 120), (11, 134)]
PR:	[(11, 129)]
meta:	[(11, 131)]
tag:	[(11, 132), (11, 143), (11, 147)]
keyword:	[(11, 136), (11, 154)]
research:	[(11, 137)]
competitor:	[(11, 139)]
alt:	[(11, 146)]
interlink:	[(11, 150)]
wherev:	[(11, 151)]
requir:	[(11, 152)]
densiti:	[(11, 155)]
html:	[(11, 160)]
map:	[(11, 162), (11, 166)]
xml:	[(11, 164)]
webmast:	[(11, 170)]
tool:	[(11, 171)]
rate:	[(11, 173)]
usd:	[(11, 178)]
me:	[(11, 185)]
detail:	[(11, 199)]
skype:	[(11, 206)]
snehadixi:	[(11, 207)]
whatsapp91:	[(11, 208)]
9971137532:	[(11, 209)]
unsign:	[(9, 3), (9, 15), (9, 21)]
testdata:	[(9, 5)]
222:	[(9, 7)]
654:	[(9, 8)]
36000:	[(9, 9)]
1000000:	[(9, 10)]
const:	[(9, 11)]
num_testdata:	[(9, 13)]
sizeoftestdat:	[(9, 14)]
vbytessizeoftestdata:	[(9, 17)]
num_vbyt:	[(9, 19), (9, 48), (9, 80)]
onenum:	[(9, 24), (9, 36), (9, 45), (9, 50), (9, 52), (9, 53), (9, 74), (9, 95), (9, 96), (9, 111), (9, 112)]
onebyt:	[(9, 25), (9, 82), (9, 88), (9, 90), (9, 99)]
movebyt:	[(9, 26), (9, 89), (9, 97)]
nbit:	[(9, 27), (9, 76), (9, 92), (9, 93), (9, 114)]
128:	[(9, 37), (9, 39), (9, 46), (9, 51), (9, 63)]
X:	[(9, 43), (9, 87)]
vbyte:	[(9, 47)]
shift:	[(9, 55)]
bit:	[(9, 58)]
e:	[(9, 60)]
divid:	[(9, 61)]
ndone:	[(9, 65)]
encod:	[(9, 66)]
decod:	[(9, 71), (9, 108)]
vbytesi:	[(9, 83)]
127:	[(9, 100)]
set:	[(9, 103)]
number:	[(9, 106)]
dn:	[(9, 110)]
ndonen:	[(9, 117)]
